currency: JPY
dayHigh: 4327.0
dayLow: 4110.0
exchange: JPX
fiftyDayAverage: 4453.72
lastPrice: 4274.0
lastVolume: 68150900
marketCap: 24412438864880.0
open: 4325.0
previousClose: 4329.0
quoteType: EQUITY
regularMarketPreviousClose: 4325.0
shares: 5711848120
tenDayAverageVolume: 55198900
threeMonthAverageVolume: 81025105
timezone: Asia/Tokyo
twoHundredDayAverage: 3556.48625
yearChange: 0.7659332713562649
yearHigh: 6923.75
yearLow: 1432.5
