currency: JPY
dayHigh: 2830.0
dayLow: 2765.0
exchange: JPX
fiftyDayAverage: 2935.8
lastPrice: 2765.5
lastVolume: 1116200
marketCap: 997134573280.5
open: 2778.0
previousClose: 2758.5
quoteType: EQUITY
regularMarketPreviousClose: 2751.0
shares: 360562131
tenDayAverageVolume: 1227530
threeMonthAverageVolume: 1236351
timezone: Asia/Tokyo
twoHundredDayAverage: 3086.5125085449217
yearChange: 0.3334136933461909
yearHigh: 3861.666748046875
yearLow: 2038.6666259765625
