currency: JPY
dayHigh: 695.7000122070312
dayLow: 671.0999755859375
exchange: JPX
fiftyDayAverage: 722.5719958496094
lastPrice: 688.0
lastVolume: 69350500
marketCap: 1102220856224.0
open: 689.0
previousClose: 692.9000244140625
quoteType: EQUITY
regularMarketPreviousClose: 695.5
shares: 1602065198
tenDayAverageVolume: 70831790
threeMonthAverageVolume: 91920750
timezone: Asia/Tokyo
twoHundredDayAverage: 608.9769996643066
yearChange: 0.6142655567682072
yearHigh: 939.4000244140625
yearLow: 360.0
