currency: JPY
dayHigh: 1362.5
dayLow: 1348.5
exchange: JPX
fiftyDayAverage: 1195.94
lastPrice: 1350.5
lastVolume: 1023300
marketCap: 482974481560.5
open: 1355.5
previousClose: 1346.0
quoteType: EQUITY
regularMarketPreviousClose: 1347.0
shares: 357626421
tenDayAverageVolume: 1106120
threeMonthAverageVolume: 1200383
timezone: Asia/Tokyo
twoHundredDayAverage: 1153.0820001220702
yearChange: 0.22161917684305743
yearHigh: 1362.5
yearLow: 836.0
