currency: JPY
dayHigh: 3669.0
dayLow: 3592.0
exchange: JPX
fiftyDayAverage: 4171.56
lastPrice: 3614.0
lastVolume: 25770900
marketCap: 21568618254222.0
open: 3600.0
previousClose: 3637.0
quoteType: EQUITY
regularMarketPreviousClose: 3631.0
shares: 5968073673
tenDayAverageVolume: 19999780
threeMonthAverageVolume: 14352128
timezone: Asia/Tokyo
twoHundredDayAverage: 3953.7174682617188
yearChange: 0.1082490033731984
yearHigh: 4776.0
yearLow: 2980.5
